12
19
25
70
79
37
39
93
82
67
12
77
45
23
35
24
81
50
79
49
76
72
20
5
33
31
69
8
91
99
93
35
21
10
52
30
8
52
85
38
18
27
24
8
54
66
77
94
58
60
34
60
24
92
0
69
22
72
89
40
4
67
54
30
87
7
54
19
73
43
7
2
16
70
37
97
34
91
61
82
41
90
57
8
71
87
66
18
65
5
44
15
34
93
22
86
77
74
48
72
19
51
33
45
35
40
15
32
71
85
59
3
67
47
63
39
6
93
6
60
89
20
38
89
8
24
45
96
24
23
10
93
43
67
40
22
59
97
77
11
98
28
77
83
96
49
82
35
23
65
28
14
59
72
14
27
18
97
71
23
39
62
96
79
83
8
83
42
13
36
1
19
35
77
41
67
3
42
55
30
56
19
5
8
66
88
17
71
64
10
69
52
91
35
93
48
81
17
2
16
89
70
53
13
31
15
46
46
89
36
10
55
55
80
20
88
92
98
75
71
17
43
66
31
88
42
11
54
27
74
26
62
42
72
30
72
24
87
52
65
53
49
15
2
26
87
61
32
37
76
32
50
71
90
39
63
68
91
12
71
35
52
54
66
89
80
23
68
76
68
72
56
31
82
2
72
87
72
76
93
50
83
84
84
65
82
71
93
90
73
21
21
59
18
54
76
69
71
58
97
97
58
4
14
25
63
14
15
60
28
86
78
83
71
26
45
31
92
14
29
28
2
42
95
37
85
70
61
75
97
33
71
61
2
23
96
48
96
44
81
11
11
30
12
83
8
55
57
21
98
64
54
75
80
34
22
20
12
3
57
34
26
57
42
70
43
58
98
59
57
68
49
82
83
37
59
46
90
27
17
59
20
93
1
54
8
62
72
27
43
92
28
99
62
18
11
38
98
71
19
88
77
37
23
80
26
45
38
41
25
74
43
81
57
38
2
17
26
86
3
0
67
33
53
22
65
68
92
83
82
33
4
39
30
21
51
85
64
56
78
20
89
71
5
24
65
58
24
33
30
46
61
14
91
3
41
1
35
22
3
47
32
44
17
33
51
38
65
44
40
25
63
94
69
16
82
78
33
46
36
86
72
78
4
57
96
41
15
79
23
81
43
8
82
56
37
17
67
1
97
23
70
77
96
32
19
67
82
80
88
40
18
23
0
13
23
4
65
11
81
26
43
25
32
84
67
86
53
52
55
62
96
25
79
83
34
37
45
77
29
18
42
18
53
65
70
36
74
57
74
73
0
38
45
18
15
74
36
81
73
58
60
36
57
94
30
99
17
50
29
49
68
28
4
80
94
11
98
47
82
47
24
64
67
60
14
43
66
34
19
34
16
82
96
61
68
74
32
49
28
54
53
28
13
50
97
44
73
66
40
46
73
26
27
59
76
52
27
89
43
55
60
27
47
84
48
71
33
52
36
18
44
46
82
75
10
33
50
20
69
45
55
72
53
46
69
34
44
77
10
33
65
15
74
2
78
89
16
99
68
14
74
85
25
81
40
20
86
87
54
11
95
21
5
75
16
11
64
54
90
48
36
0
36
29
97
58
48
53
60
64
53
15
15
74
86
84
39
39
21
49
34
5
55
30
24
57
76
73
4
17
91
88
13
1
68
37
58
92
58
95
75
56
37
35
70
9
8
51
15
98
99
40
96
7
64
30
33
30
52
52
96
37
63
45
93
22
77
83
76
7
7
68
83
37
26
46
88
59
35
49
4
59
36
70
75
36
95
80
36
48
13
48
76
54
26
21
95
49
35
75
47
95
76
7
43
24
22
52
64
91
10
30
30
99
89
65
13
36
39
30
93
65
85
77
89
94
75
21
1
44
55
97
44
32
37
37
78
85
68
42
10
37
98
11
28
98
80
23
42
44
29
36
68
7
62
91
34
35
90
44
90
7
60
45
67
71
90
13
94
83
16
78
95
2
43
92
48
44
19
82
2
54
93
3
29
52
22
94
55
81
25
55
65
52
54
27
51
59
38
8
73
12
79
41
18
77
8
88
24
40
37
92
54
24
7
3
16
28
75
18
29
58
94
61
20
93
77
11
64
88
98
89
40
90
79
7
32
18
66
31
18
35
98
87
22
2
50
31
41
69
28
8
44
76
14
36
41
11
49
61
42
10
61
41
51
54
94
32
84
1
68
70
56
85
51
1
52
38
75
84
27
33
5
66
42
10
52
76
97
30
54
25
82
74
29
79
46
55
6
68
6
19
43
1
67
94
94
0
30
6
9
81
28
93
39
45
41
32
61
